# energy, counts per hour, error
4 0.067 0.067
5 4233.659 16.810
6 4413.132 17.162
7 2765.975 13.587
8 2474.240 12.851
9 2485.786 12.881
10 2717.586 13.468
11 3685.163 15.683
12 4403.788 17.144
13 5200.035 18.630
14 5910.851 19.862
15 6578.284 20.954
16 7444.811 22.291
17 8433.012 23.724
18 9342.189 24.971
19 10008.354 25.846
20 10455.066 26.416
21 11187.374 27.325
22 12155.818 28.484
23 12960.742 29.412
24 13006.128 29.463
25 12244.721 28.588
26 10957.243 27.043
27 9508.246 25.191
28 8017.135 23.132
29 6631.745 21.039
30 5493.105 19.148
31 4668.425 17.652
32 3949.800 16.236
33 3384.551 15.030
34 2943.245 14.016
35 2586.235 13.138
36 2332.143 12.476
37 2141.925 11.957
38 2040.942 11.671
39 1958.848 11.434
40 1894.775 11.246
41 1826.964 11.043
42 1804.738 10.975
43 1790.055 10.930
44 1779.376 10.898
45 1794.059 10.943
46 1804.805 10.975
47 1818.354 11.016
48 1815.751 11.009
49 1852.193 11.119
50 1885.164 11.217
51 1906.388 11.280
52 1902.917 11.270
53 1967.124 11.458
54 1994.222 11.537
55 2044.547 11.682
56 2098.008 11.833
57 2161.481 12.011
58 2221.416 12.176
59 2311.920 12.422
60 2361.110 12.553
61 2456.686 12.805
62 2544.120 13.031
63 2631.687 13.253
64 2696.028 13.414
65 2844.198 13.778
66 2902.865 13.919
67 3012.925 14.181
68 3085.541 14.351
69 3167.035 14.539
70 3175.445 14.558
71 3208.616 14.634
72 3220.229 14.660
73 3180.117 14.569
74 3108.368 14.404
75 3059.979 14.291
76 2982.023 14.108
77 2890.651 13.890
78 2794.941 13.658
79 2679.409 13.373
80 2595.179 13.161
81 2559.204 13.069
82 2518.424 12.965
83 2457.487 12.807
84 2409.299 12.681
85 2361.377 12.554
86 2319.996 12.444
87 2295.635 12.378
88 2239.437 12.226
89 2199.925 12.117
90 2149.267 11.977
91 2117.163 11.887
92 2071.177 11.757
93 2035.470 11.656
94 2002.765 11.562
95 1991.753 11.530
96 1948.970 11.405
97 1945.500 11.395
98 1932.685 11.358
99 1930.950 11.352
100 1931.417 11.354
101 1906.722 11.281
102 1927.212 11.341
103 1939.693 11.378
104 1944.165 11.391
105 1931.817 11.355
106 1955.778 11.425
107 1943.097 11.388
108 1940.427 11.380
109 1951.640 11.413
110 1972.063 11.473
111 1983.477 11.506
112 1981.808 11.501
113 1982.876 11.504
114 1988.549 11.521
115 2002.832 11.562
116 2003.299 11.563
117 2012.977 11.591
118 2005.368 11.569
119 2006.503 11.572
120 2016.181 11.600
121 1993.688 11.535
122 2015.180 11.597
123 2013.444 11.592
124 1996.425 11.543
125 2004.300 11.566
126 1970.996 11.470
127 1955.778 11.425
128 1945.299 11.395
129 1938.425 11.374
130 1927.078 11.341
131 1936.756 11.369
132 1934.353 11.362
133 1934.620 11.363
134 1905.520 11.277
135 1893.974 11.243
136 1890.169 11.232
137 1875.419 11.188
138 1846.252 11.101
139 1853.394 11.122
140 1857.265 11.134
141 1833.438 11.062
142 1798.264 10.955
143 1797.196 10.952
144 1792.524 10.938
145 1774.437 10.883
146 1772.968 10.878
147 1742.200 10.783
148 1715.302 10.700
149 1719.040 10.711
150 1719.307 10.712
151 1709.429 10.681
152 1694.812 10.636
153 1681.730 10.595
154 1674.322 10.571
155 1661.974 10.532
156 1649.360 10.492
157 1641.684 10.468
158 1616.856 10.388
159 1606.043 10.353
160 1609.047 10.363
161 1594.897 10.317
162 1577.944 10.262
163 1591.160 10.305
164 1583.551 10.281
165 1584.152 10.283
166 1547.443 10.163
167 1567.132 10.227
168 1546.909 10.161
169 1549.178 10.168
170 1539.167 10.136
171 1546.041 10.158
172 1528.488 10.100
173 1553.116 10.181
174 1547.643 10.163
175 1517.742 10.065
176 1545.908 10.158
177 1545.507 10.156
178 1558.255 10.198
179 1537.164 10.129
180 1558.188 10.198
181 1584.285 10.283
182 1581.215 10.273
183 1590.826 10.304
184 1634.009 10.443
185 1622.062 10.405
186 1681.663 10.594
187 1710.096 10.684
188 1714.167 10.696
189 1755.548 10.825
190 1769.364 10.867
191 1804.137 10.973
192 1828.098 11.046
193 1878.890 11.198
194 1891.304 11.235
195 1898.980 11.258
196 1947.769 11.402
197 1946.234 11.397
198 1952.574 11.416
199 1943.230 11.388
200 1966.657 11.457
201 1986.814 11.515
202 1971.930 11.472
203 1970.195 11.467
204 1943.164 11.388
205 1937.757 11.372
206 1887.967 11.225
207 1878.156 11.196
208 1859.201 11.140
209 1821.758 11.027
210 1820.623 11.023
211 1799.332 10.959
212 1764.292 10.851
213 1715.769 10.701
214 1723.178 10.724
215 1661.974 10.532
216 1658.237 10.520
217 1635.477 10.448
218 1611.717 10.372
219 1584.152 10.283
220 1571.203 10.240
221 1547.109 10.162
222 1525.818 10.091
223 1499.588 10.004
224 1476.561 9.927
225 1464.080 9.885
226 1434.513 9.785
227 1410.352 9.702
228 1389.061 9.629
229 1374.845 9.579
230 1343.208 9.468
231 1335.733 9.442
232 1296.688 9.303
233 1299.158 9.312
234 1280.269 9.244
235 1234.484 9.077
236 1226.341 9.047
237 1192.235 8.920
238 1189.098 8.909
239 1165.471 8.820
240 1142.712 8.733
241 1107.938 8.599
242 1122.488 8.656
243 1092.921 8.541
244 1061.885 8.419
245 1052.007 8.379
246 1034.254 8.308
247 1020.772 8.254
248 1004.753 8.189
249 999.280 8.167
250 982.995 8.100
251 982.728 8.099
252 946.219 7.947
253 933.672 7.894
254 941.280 7.926
255 929.133 7.875
256 885.416 7.687
257 897.363 7.739
258 892.291 7.717
259 877.340 7.652
260 867.929 7.611
261 860.788 7.580
262 859.253 7.573
263 848.307 7.525
264 842.033 7.497
265 820.609 7.401
266 825.881 7.424
267 821.343 7.404
268 802.454 7.318
269 807.794 7.343
270 790.708 7.265
271 791.241 7.267
272 773.154 7.184
273 780.963 7.220
274 774.022 7.188
275 763.877 7.140
276 747.992 7.066
277 750.461 7.077
278 748.192 7.067
279 738.848 7.022
280 726.634 6.964
281 727.034 6.966
282 698.669 6.829
283 707.612 6.872
284 718.892 6.927
285 704.675 6.858
286 689.792 6.785
287 690.793 6.790
288 685.253 6.763
289 682.650 6.750
290 681.115 6.742
291 669.101 6.683
292 659.690 6.636
293 656.086 6.617
294 653.817 6.606
295 648.277 6.578
296 639.668 6.534
297 624.250 6.455
298 636.130 6.516
299 619.845 6.432
300 622.848 6.448
301 621.914 6.443
302 620.846 6.437
303 609.767 6.379
304 602.225 6.340
305 595.216 6.303
306 592.213 6.287
307 583.403 6.240
308 592.280 6.287
309 592.547 6.289
310 577.863 6.210
311 569.454 6.165
312 565.916 6.146
313 572.190 6.180
314 553.969 6.081
315 554.570 6.084
316 554.303 6.082
317 539.686 6.002
318 553.902 6.080
319 540.020 6.004
320 540.020 6.004
321 542.957 6.020
322 524.802 5.918
323 537.417 5.989
324 531.543 5.956
325 513.923 5.857
326 516.259 5.870
327 520.531 5.894
328 515.458 5.865
329 513.256 5.853
330 500.575 5.780
331 495.035 5.748
332 503.645 5.798
333 506.515 5.814
334 500.908 5.782
335 493.233 5.738
336 488.494 5.710
337 490.496 5.722
338 478.749 5.653
339 482.420 5.674
340 473.010 5.619
341 468.404 5.591
342 468.071 5.589
343 480.285 5.662
344 465.134 5.572
345 464.667 5.569
346 445.845 5.455
347 458.326 5.531
348 463.666 5.563
349 452.186 5.494
350 463.065 5.559
351 454.255 5.506
352 447.580 5.466
353 445.578 5.453
354 445.645 5.454
355 443.242 5.439
356 443.643 5.442
357 447.113 5.463
358 440.639 5.423
359 436.101 5.395
360 444.710 5.448
361 440.706 5.423
362 433.898 5.381
363 429.560 5.354
364 430.828 5.362
365 429.626 5.355
366 420.282 5.296
367 432.296 5.371
368 427.824 5.344
369 417.946 5.282
370 414.476 5.260
371 419.682 5.293
372 424.420 5.322
373 407.334 5.214
374 410.872 5.237
375 413.341 5.252
376 401.327 5.176
377 416.611 5.273
378 405.198 5.200
379 410.404 5.234
380 418.814 5.287
381 416.011 5.269
382 409.937 5.231
383 392.183 5.116
384 399.592 5.164
385 402.262 5.182
386 405.999 5.206
387 399.792 5.166
388 388.112 5.090
389 396.322 5.143
390 403.330 5.188
391 392.117 5.116
392 396.655 5.145
393 397.990 5.154
394 402.595 5.184
395 396.455 5.144
396 393.852 5.127
397 403.930 5.192
398 390.715 5.107
399 388.913 5.095
400 395.053 5.135
401 399.992 5.167
402 394.920 5.134
403 395.721 5.139
404 396.255 5.143
405 403.263 5.188
406 404.998 5.199
407 408.068 5.219
408 402.395 5.182
409 407.868 5.218
410 394.119 5.129
411 395.053 5.135
412 405.866 5.205
413 408.335 5.221
414 415.544 5.266
415 402.262 5.182
416 410.538 5.235
417 417.079 5.276
418 413.475 5.253
419 422.819 5.312
420 422.151 5.308
421 424.487 5.323
422 421.417 5.303
423 429.293 5.353
424 427.557 5.342
425 424.087 5.320
426 418.681 5.286
427 429.159 5.352
428 426.690 5.337
429 436.101 5.395
430 434.232 5.383
431 429.159 5.352
432 437.636 5.405
433 427.023 5.339
434 438.570 5.410
435 425.355 5.328
436 436.234 5.396
437 435.700 5.393
438 435.767 5.393
439 440.572 5.423
440 451.118 5.487
441 450.050 5.481
442 449.115 5.475
443 448.315 5.470
444 456.657 5.521
445 451.718 5.491
446 450.384 5.483
447 457.725 5.527
448 462.798 5.558
449 460.262 5.543
450 457.125 5.524
451 472.542 5.616
452 469.405 5.597
453 471.808 5.612
454 471.207 5.608
455 466.869 5.582
456 475.479 5.633
457 478.950 5.654
458 472.409 5.615
459 480.218 5.661
460 480.952 5.666
461 476.947 5.642
462 480.218 5.661
463 492.098 5.731
464 495.235 5.749
465 492.031 5.731
466 494.501 5.745
467 484.756 5.688
468 486.959 5.701
469 503.044 5.794
470 493.633 5.740
471 491.431 5.727
472 494.568 5.745
473 489.028 5.713
474 490.897 5.724
475 499.707 5.775
476 500.174 5.778
477 496.570 5.757
478 496.036 5.754
479 493.300 5.738
480 488.094 5.708
481 497.571 5.763
482 490.163 5.720
483 488.494 5.710
484 492.699 5.734
485 486.959 5.701
486 490.430 5.721
487 476.080 5.637
488 479.884 5.659
489 470.807 5.606
490 473.076 5.619
491 479.617 5.658
492 462.598 5.557
493 455.189 5.512
494 455.456 5.513
495 450.517 5.484
496 450.050 5.481
497 441.307 5.427
498 424.554 5.323
499 411.072 5.238
500 415.610 5.267
501 399.525 5.164
502 394.453 5.131
503 394.720 5.133
504 382.372 5.052
505 357.610 4.885
506 351.337 4.842
507 347.399 4.815
508 334.918 4.728
509 311.891 4.563
510 313.960 4.578
511 297.408 4.455
512 295.539 4.441
513 282.057 4.339
514 264.036 4.198
515 254.626 4.122
516 248.752 4.075
517 234.803 3.959
518 228.929 3.909
519 225.259 3.877
520 216.048 3.797
521 201.431 3.667
522 197.093 3.627
523 188.149 3.544
524 178.338 3.450
525 171.063 3.379
526 173.933 3.407
527 161.185 3.280
528 155.312 3.220
529 151.240 3.177
530 144.966 3.111
531 142.030 3.079
532 134.621 2.998
533 138.626 3.042
534 129.081 2.935
535 126.412 2.905
536 125.744 2.897
537 119.137 2.820
538 114.732 2.767
539 111.661 2.730
540 115.599 2.778
541 106.522 2.666
542 108.057 2.686
543 111.261 2.725
544 98.780 2.568
545 102.918 2.621
546 100.382 2.588
547 101.517 2.603
548 98.847 2.569
549 96.444 2.537
550 91.972 2.478
551 88.835 2.435
552 87.701 2.419
553 85.031 2.382
554 85.498 2.389
555 83.763 2.364
556 85.565 2.390
557 86.366 2.401
558 81.427 2.331
559 85.031 2.382
560 83.629 2.363
561 76.755 2.263
562 76.755 2.263
563 75.019 2.238
564 77.622 2.276
565 74.219 2.226
566 74.819 2.235
567 72.016 2.192
568 72.483 2.199
569 71.282 2.181
570 70.748 2.173
571 69.947 2.161
572 69.146 2.148
573 69.280 2.150
574 68.545 2.139
575 65.342 2.088
576 67.477 2.122
577 62.672 2.045
578 58.601 1.978
579 64.207 2.070
580 64.007 2.067
581 67.210 2.118
582 63.740 2.063
583 60.403 2.008
584 62.004 2.034
585 59.869 1.999
586 60.403 2.008
587 64.007 2.067
588 59.735 1.997
589 61.804 2.031
590 58.467 1.975
591 57.332 1.956
592 58.000 1.968
593 59.735 1.997
594 56.465 1.941
595 58.934 1.983
596 56.398 1.940
597 58.467 1.975
598 57.733 1.963
599 53.261 1.885
600 53.595 1.891
601 57.199 1.954
602 54.863 1.914
603 54.062 1.900
604 53.194 1.884
605 58.067 1.969
606 56.331 1.939
607 57.933 1.966
608 52.327 1.869
609 54.863 1.914
610 55.731 1.929
611 56.398 1.940
612 53.461 1.889
613 52.861 1.878
614 54.463 1.907
615 54.596 1.909
616 55.597 1.926
617 58.868 1.982
618 56.865 1.948
619 56.532 1.942
620 53.862 1.896
621 55.664 1.927
622 54.396 1.905
623 55.330 1.922
624 60.269 2.006
625 57.666 1.962
626 57.266 1.955
627 60.670 2.012
628 59.268 1.989
629 57.866 1.965
630 58.133 1.970
631 61.537 2.027
632 62.004 2.034
633 60.536 2.010
634 65.742 2.095
635 61.003 2.018
636 61.003 2.018
637 65.141 2.085
638 66.877 2.113
639 70.481 2.169
640 72.950 2.207
641 67.010 2.115
642 72.350 2.197
643 72.750 2.204
644 74.686 2.233
645 82.495 2.346
646 78.624 2.291
647 80.492 2.318
648 84.497 2.375
649 84.297 2.372
650 92.172 2.480
651 97.912 2.556
652 96.711 2.541
653 100.248 2.587
654 103.052 2.623
655 104.320 2.639
656 106.122 2.661
657 114.932 2.770
658 119.737 2.827
659 127.346 2.915
660 137.892 3.034
661 141.496 3.073
662 149.438 3.158
663 150.706 3.172
664 156.646 3.233
665 170.930 3.378
666 180.207 3.468
667 187.148 3.534
668 193.422 3.593
669 204.301 3.693
670 218.117 3.815
671 226.193 3.885
672 240.076 4.003
673 259.164 4.159
674 277.252 4.302
675 275.783 4.290
676 291.201 4.409
677 323.571 4.647
678 331.781 4.706
679 349.001 4.826
680 365.887 4.942
681 373.629 4.994
682 403.930 5.192
683 426.022 5.332
684 440.305 5.421
685 462.731 5.557
686 488.294 5.709
687 507.449 5.820
688 515.125 5.864
689 531.210 5.954
690 563.714 6.134
691 586.740 6.258
692 600.222 6.329
693 620.312 6.434
694 621.180 6.439
695 645.608 6.564
696 647.210 6.572
697 666.699 6.671
698 688.323 6.778
699 675.642 6.715
700 693.529 6.804
701 709.681 6.882
702 695.398 6.813
703 689.191 6.782
704 693.129 6.802
705 688.323 6.778
706 687.723 6.775
707 673.106 6.703
708 666.565 6.670
709 655.085 6.612
710 628.188 6.475
711 618.910 6.427
712 610.300 6.382
713 590.144 6.276
714 559.175 6.109
715 545.693 6.035
716 521.532 5.900
717 483.155 5.679
718 465.668 5.575
719 446.512 5.459
720 416.278 5.271
721 398.257 5.156
722 370.425 4.972
723 351.203 4.842
724 324.840 4.656
725 297.808 4.458
726 285.928 4.368
727 258.830 4.156
728 236.405 3.972
729 221.254 3.843
730 210.709 3.750
731 190.552 3.566
732 164.455 3.313
733 163.721 3.306
734 145.634 3.118
735 131.418 2.962
736 125.945 2.899
737 109.059 2.698
738 101.049 2.597
739 91.505 2.471
740 82.895 2.352
741 75.487 2.245
742 67.210 2.118
743 62.739 2.046
744 59.135 1.987
745 56.064 1.934
746 49.056 1.809
747 41.648 1.667
748 41.047 1.655
749 37.443 1.581
750 36.976 1.571
751 33.705 1.500
752 31.102 1.441
753 31.436 1.448
754 28.499 1.379
755 25.429 1.303
756 24.295 1.273
757 23.026 1.240
758 22.960 1.238
759 21.959 1.211
760 19.089 1.129
761 22.292 1.220
762 19.689 1.146
763 18.621 1.115
764 19.556 1.142
765 19.756 1.148
766 18.488 1.111
767 19.956 1.154
768 18.221 1.103
769 17.420 1.078
770 18.087 1.099
771 17.487 1.080
772 18.822 1.121
773 17.620 1.084
774 17.020 1.066
775 15.551 1.019
776 15.151 1.006
777 16.352 1.045
778 15.217 1.008
779 15.217 1.008
780 14.283 0.976
781 16.419 1.047
782 16.886 1.062
783 16.486 1.049
784 15.351 1.012
785 13.883 0.963
786 12.614 0.918
787 13.415 0.946
788 14.684 0.990
789 15.151 1.006
790 14.283 0.976
791 15.418 1.014
792 13.349 0.944
793 13.482 0.949
794 14.750 0.992
795 15.084 1.003
796 14.483 0.983
797 14.216 0.974
798 13.282 0.942
799 12.681 0.920
800 13.349 0.944
801 12.548 0.915
802 12.214 0.903
803 14.817 0.994
804 12.881 0.927
805 13.215 0.939
806 12.081 0.898
807 12.881 0.927
808 13.282 0.942
809 12.214 0.903
810 15.284 1.010
811 13.349 0.944
812 12.481 0.913
813 13.616 0.953
814 13.415 0.946
815 11.880 0.890
816 11.613 0.880
817 13.015 0.932
818 12.614 0.918
819 11.213 0.865
820 12.281 0.905
821 12.481 0.913
822 12.214 0.903
823 10.812 0.850
824 10.812 0.850
825 11.480 0.875
826 11.280 0.868
827 10.345 0.831
828 12.214 0.903
829 11.413 0.873
830 10.812 0.850
831 10.145 0.823
832 12.281 0.905
833 11.013 0.857
834 11.413 0.873
835 11.346 0.870
836 11.947 0.893
837 11.146 0.863
838 10.545 0.839
839 12.147 0.900
840 10.278 0.828
841 11.146 0.863
842 8.410 0.749
843 11.680 0.883
844 11.079 0.860
845 9.211 0.784
846 9.611 0.801
847 10.278 0.828
848 12.081 0.898
849 11.280 0.868
850 12.081 0.898
851 11.814 0.888
852 12.214 0.903
853 9.945 0.815
854 11.213 0.865
855 9.678 0.804
856 10.545 0.839
857 10.879 0.852
858 10.612 0.842
859 12.014 0.895
860 10.345 0.831
861 9.945 0.815
862 9.344 0.790
863 10.946 0.855
864 10.679 0.844
865 10.879 0.852
866 10.078 0.820
867 11.013 0.857
868 9.811 0.809
869 10.412 0.834
870 11.413 0.873
871 9.077 0.778
872 10.412 0.834
873 9.611 0.801
874 8.810 0.767
875 10.679 0.844
876 11.280 0.868
877 8.476 0.752
878 8.677 0.761
879 10.011 0.817
880 9.945 0.815
881 8.944 0.773
882 9.878 0.812
883 9.010 0.775
884 9.745 0.806
885 8.944 0.773
886 9.678 0.804
887 9.277 0.787
888 10.011 0.817
889 7.876 0.725
890 7.409 0.703
891 10.612 0.842
892 8.877 0.770
893 8.810 0.767
894 9.411 0.793
895 10.345 0.831
896 8.476 0.752
897 8.743 0.764
898 9.344 0.790
899 9.945 0.815
900 9.745 0.806
901 9.277 0.787
902 8.209 0.740
903 9.811 0.809
904 9.144 0.781
905 8.944 0.773
906 9.811 0.809
907 9.211 0.784
908 9.077 0.778
909 8.610 0.758
910 10.212 0.826
911 8.476 0.752
912 8.476 0.752
913 8.877 0.770
914 8.944 0.773
915 9.211 0.784
916 8.677 0.761
917 9.544 0.798
918 8.209 0.740
919 8.810 0.767
920 9.478 0.795
921 8.877 0.770
922 8.410 0.749
923 8.543 0.755
924 8.410 0.749
925 7.942 0.728
926 7.475 0.706
927 8.810 0.767
928 7.275 0.697
929 7.876 0.725
930 8.410 0.749
931 8.076 0.734
932 8.209 0.740
933 8.276 0.743
934 6.474 0.657
935 7.675 0.716
936 7.742 0.719
937 6.274 0.647
938 6.741 0.671
939 6.674 0.667
940 6.741 0.671
941 7.475 0.706
942 6.674 0.667
943 6.941 0.681
944 7.142 0.690
945 7.809 0.722
946 6.941 0.681
947 7.342 0.700
948 6.808 0.674
949 8.410 0.749
950 6.207 0.644
951 6.474 0.657
952 5.273 0.593
953 6.875 0.677
954 6.007 0.633
955 6.341 0.651
956 5.673 0.615
957 5.473 0.604
958 5.139 0.586
959 6.407 0.654
960 5.606 0.612
961 5.940 0.630
962 5.139 0.586
963 5.406 0.601
964 5.273 0.593
965 5.406 0.601
966 5.139 0.586
967 6.474 0.657
968 5.206 0.589
969 4.739 0.562
970 4.205 0.530
971 4.472 0.546
972 5.339 0.597
973 5.540 0.608
974 5.406 0.601
975 5.807 0.623
976 4.739 0.562
977 4.739 0.562
978 4.872 0.570
979 4.539 0.550
980 4.071 0.521
981 4.672 0.558
982 4.138 0.526
983 4.005 0.517
984 3.738 0.499
985 3.871 0.508
986 4.605 0.554
987 4.672 0.558
988 4.071 0.521
989 3.738 0.499
990 3.871 0.508
991 4.071 0.521
992 4.472 0.546
993 5.206 0.589
994 3.671 0.495
995 3.671 0.495
996 3.003 0.448
997 4.138 0.526
998 3.738 0.499
999 2.603 0.417
1000 1.735 0.340
