# energy, counts per hour, error
4 0.148 0.105
5 370.485 5.242
6 436.497 5.690
7 281.183 4.567
8 247.806 4.287
9 237.125 4.194
10 233.713 4.164
11 272.431 4.495
12 270.428 4.479
13 264.643 4.430
14 253.665 4.338
15 254.630 4.346
16 250.328 4.309
17 256.484 4.362
18 253.665 4.338
19 260.860 4.399
20 252.034 4.324
21 248.473 4.293
22 250.773 4.313
23 242.688 4.243
24 242.465 4.241
25 235.493 4.179
26 238.609 4.207
27 238.312 4.204
28 231.043 4.140
29 227.705 4.110
30 220.585 4.045
31 226.148 4.096
32 231.785 4.146
33 221.327 4.052
34 224.368 4.079
35 232.823 4.156
36 231.711 4.146
37 225.480 4.090
38 234.010 4.166
39 239.944 4.219
40 242.762 4.243
41 236.161 4.185
42 234.752 4.173
43 246.026 4.272
44 246.990 4.280
45 248.177 4.290
46 248.547 4.294
47 250.253 4.308
48 262.640 4.414
49 265.088 4.434
50 271.763 4.490
51 282.963 4.581
52 302.247 4.735
53 292.976 4.662
54 302.989 4.741
55 304.918 4.756
56 328.504 4.936
57 335.847 4.991
58 357.876 5.152
59 361.362 5.177
60 375.528 5.278
61 399.486 5.443
62 417.509 5.565
63 418.844 5.574
64 440.057 5.713
65 462.680 5.858
66 471.951 5.917
67 499.988 6.090
68 506.960 6.132
69 523.648 6.232
70 528.914 6.263
71 528.692 6.262
72 542.562 6.344
73 546.938 6.369
74 529.656 6.268
75 511.039 6.157
76 483.299 5.987
77 476.772 5.947
78 468.094 5.892
79 449.180 5.772
80 444.804 5.744
81 433.159 5.668
82 414.394 5.544
83 414.839 5.547
84 413.801 5.540
85 398.373 5.436
86 394.071 5.406
87 386.580 5.355
88 374.416 5.270
89 376.196 5.282
90 377.976 5.295
91 347.195 5.075
92 351.052 5.103
93 344.377 5.054
94 350.533 5.099
95 344.747 5.057
96 331.100 4.956
97 333.696 4.975
98 326.056 4.918
99 327.391 4.928
100 336.292 4.994
101 341.261 5.031
102 336.366 4.995
103 329.320 4.942
104 334.734 4.983
105 330.581 4.952
106 328.281 4.934
107 336.144 4.993
108 327.095 4.926
109 327.243 4.927
110 324.944 4.909
111 337.775 5.005
112 338.517 5.011
113 333.696 4.975
114 330.284 4.949
115 326.798 4.923
116 336.218 4.994
117 330.803 4.953
118 334.660 4.982
119 333.251 4.972
120 332.361 4.965
121 330.136 4.948
122 340.223 5.023
123 342.374 5.039
124 333.103 4.971
125 319.233 4.866
126 321.829 4.886
127 324.573 4.907
128 323.905 4.901
129 332.435 4.966
130 317.007 4.849
131 319.603 4.869
132 312.038 4.811
133 309.368 4.790
134 314.634 4.831
135 307.069 4.772
136 301.877 4.732
137 303.063 4.741
138 289.935 4.637
139 298.465 4.705
140 290.454 4.641
141 296.759 4.692
142 295.869 4.685
143 295.572 4.682
144 282.889 4.581
145 281.702 4.571
146 288.377 4.625
147 279.996 4.557
148 269.612 4.472
149 278.883 4.548
150 278.883 4.548
151 269.241 4.469
152 278.216 4.543
153 267.239 4.452
154 266.274 4.444
155 265.978 4.442
156 267.239 4.452
157 259.451 4.387
158 257.003 4.366
159 255.445 4.353
160 252.924 4.331
161 258.264 4.377
162 245.655 4.269
163 255.668 4.355
164 249.438 4.301
165 251.737 4.321
166 243.875 4.253
167 248.547 4.294
168 246.693 4.278
169 249.363 4.301
170 253.220 4.334
171 248.844 4.296
172 254.036 4.341
173 253.962 4.340
174 260.044 4.392
175 265.384 4.437
176 262.269 4.411
177 263.901 4.424
178 271.837 4.490
179 277.771 4.539
180 272.579 4.496
181 284.298 4.592
182 276.807 4.531
183 275.249 4.518
184 287.932 4.621
185 287.858 4.621
186 292.679 4.659
187 283.185 4.583
188 279.996 4.557
189 273.692 4.506
190 283.779 4.588
191 275.991 4.524
192 279.774 4.555
193 280.219 4.559
194 277.178 4.534
195 275.175 4.518
196 274.804 4.515
197 274.507 4.512
198 270.057 4.476
199 259.970 4.391
200 251.663 4.320
201 263.975 4.425
202 249.586 4.303
203 253.814 4.339
204 252.479 4.327
205 239.499 4.215
206 242.095 4.238
207 235.790 4.182
208 243.504 4.250
209 220.956 4.048
210 225.554 4.090
211 221.698 4.055
212 225.480 4.090
213 226.890 4.102
214 221.846 4.056
215 209.756 3.944
216 211.091 3.957
217 199.298 3.845
218 200.781 3.859
219 203.451 3.885
220 192.474 3.778
221 192.845 3.782
222 192.771 3.781
223 190.397 3.758
224 182.461 3.679
225 187.875 3.733
226 177.195 3.625
227 184.612 3.700
228 174.970 3.602
229 174.970 3.602
230 169.852 3.549
231 165.995 3.509
232 165.476 3.503
233 151.309 3.350
234 153.831 3.378
235 154.424 3.384
236 149.677 3.332
237 152.199 3.360
238 148.861 3.323
239 142.334 3.249
240 141.667 3.242
241 136.846 3.186
242 134.695 3.161
243 134.472 3.158
244 129.206 3.096
245 125.794 3.055
246 123.792 3.030
247 123.569 3.027
248 117.932 2.958
249 120.973 2.995
250 118.451 2.964
251 111.257 2.873
252 115.484 2.927
253 107.548 2.824
254 111.183 2.872
255 107.474 2.823
256 110.812 2.867
257 106.955 2.817
258 101.837 2.748
259 98.573 2.704
260 100.354 2.728
261 104.655 2.786
262 105.397 2.796
263 97.758 2.693
264 98.128 2.698
265 93.011 2.627
266 97.980 2.696
267 92.195 2.615
268 89.747 2.580
269 94.346 2.645
270 91.453 2.604
271 89.747 2.580
272 87.003 2.540
273 90.563 2.592
274 86.632 2.535
275 86.484 2.533
276 90.340 2.589
277 85.000 2.511
278 83.591 2.490
279 86.484 2.533
280 85.074 2.512
281 85.519 2.519
282 85.519 2.519
283 83.443 2.488
284 85.964 2.525
285 79.437 2.427
286 87.225 2.544
287 83.072 2.482
288 82.404 2.472
289 82.849 2.479
290 77.435 2.397
291 81.440 2.458
292 80.253 2.440
293 81.514 2.459
294 80.402 2.442
295 78.844 2.418
296 78.473 2.413
297 80.402 2.442
298 75.284 2.363
299 79.956 2.435
300 79.808 2.433
301 78.473 2.413
302 84.407 2.502
303 77.509 2.398
304 78.918 2.419
305 77.657 2.400
306 85.223 2.514
307 77.583 2.399
308 75.432 2.365
309 76.174 2.377
310 78.102 2.407
311 81.737 2.462
312 78.621 2.415
313 82.330 2.471
314 77.954 2.405
315 75.580 2.368
316 73.355 2.333
317 76.248 2.378
318 76.693 2.385
319 77.435 2.397
320 79.437 2.427
321 78.176 2.408
322 74.023 2.343
323 77.435 2.397
324 78.696 2.416
325 74.839 2.356
326 74.468 2.350
327 76.322 2.379
328 75.506 2.367
329 75.135 2.361
330 76.767 2.386
331 73.355 2.333
332 76.396 2.380
333 76.545 2.383
334 74.913 2.357
335 73.504 2.335
336 73.207 2.330
337 71.278 2.299
338 75.729 2.370
339 74.765 2.355
340 74.097 2.344
341 69.795 2.275
342 71.278 2.299
343 72.688 2.322
344 66.680 2.224
345 70.982 2.295
346 67.792 2.242
347 69.276 2.267
348 68.757 2.258
349 70.018 2.279
350 67.867 2.244
351 62.155 2.147
352 64.751 2.192
353 61.562 2.137
354 60.524 2.119
355 60.227 2.114
356 59.114 2.094
357 56.741 2.051
358 54.145 2.004
359 55.480 2.029
360 51.920 1.962
361 46.505 1.857
362 49.175 1.910
363 51.623 1.957
364 46.357 1.854
365 47.618 1.879
366 43.168 1.789
367 40.423 1.732
368 41.833 1.761
369 37.901 1.677
370 38.643 1.693
371 36.566 1.647
372 37.160 1.660
373 37.531 1.668
374 34.860 1.608
375 31.671 1.533
376 29.817 1.487
377 31.226 1.522
378 32.190 1.545
379 31.374 1.525
380 29.223 1.472
381 28.037 1.442
382 28.111 1.444
383 25.589 1.378
384 27.963 1.440
385 25.960 1.388
386 28.482 1.453
387 27.814 1.436
388 25.589 1.378
389 24.106 1.337
390 22.771 1.300
391 25.812 1.384
392 23.290 1.314
393 22.251 1.285
394 26.627 1.405
395 21.584 1.265
396 21.510 1.263
397 22.993 1.306
398 24.625 1.351
399 18.839 1.182
400 20.545 1.234
401 21.065 1.250
402 21.213 1.254
403 23.735 1.327
404 20.545 1.234
405 19.359 1.198
406 20.175 1.223
407 19.804 1.212
408 19.878 1.214
409 22.919 1.304
410 18.839 1.182
411 18.988 1.187
412 17.653 1.144
413 18.024 1.156
414 18.246 1.163
415 18.765 1.180
416 19.878 1.214
417 19.433 1.201
418 20.026 1.219
419 20.323 1.228
420 18.246 1.163
421 19.878 1.214
422 19.507 1.203
423 16.466 1.105
424 17.430 1.137
425 17.875 1.151
426 18.098 1.159
427 15.576 1.075
428 16.689 1.113
429 16.095 1.093
430 18.617 1.175
431 19.284 1.196
432 15.502 1.072
433 20.842 1.243
434 17.282 1.132
435 18.320 1.166
436 17.949 1.154
437 14.983 1.054
438 18.394 1.168
439 16.985 1.122
440 18.172 1.161
441 16.837 1.118
442 15.576 1.075
443 17.727 1.147
444 17.875 1.151
445 16.540 1.108
446 15.428 1.070
447 15.576 1.075
448 16.911 1.120
449 17.504 1.139
450 15.353 1.067
451 16.392 1.103
452 15.205 1.062
453 15.650 1.077
454 17.801 1.149
455 17.134 1.127
456 16.392 1.103
457 16.318 1.100
458 16.021 1.090
459 17.430 1.137
460 16.169 1.095
461 18.098 1.159
462 14.760 1.046
463 16.392 1.103
464 17.579 1.142
465 17.134 1.127
466 16.021 1.090
467 18.691 1.177
468 16.392 1.103
469 15.724 1.080
470 19.507 1.203
471 16.911 1.120
472 17.430 1.137
473 17.282 1.132
474 17.504 1.139
475 15.947 1.088
476 16.540 1.108
477 17.282 1.132
478 15.947 1.088
479 18.172 1.161
480 16.614 1.110
481 16.689 1.113
482 16.466 1.105
483 17.579 1.142
484 16.021 1.090
485 19.730 1.210
486 17.727 1.147
487 17.875 1.151
488 20.545 1.234
489 17.727 1.147
490 17.653 1.144
491 20.694 1.239
492 20.323 1.228
493 18.543 1.173
494 17.504 1.139
495 22.771 1.300
496 22.029 1.278
497 23.364 1.316
498 23.661 1.325
499 23.809 1.329
500 25.144 1.366
501 26.776 1.409
502 25.589 1.378
503 27.888 1.438
504 28.556 1.455
505 27.963 1.440
506 30.410 1.502
507 31.449 1.527
508 32.932 1.563
509 35.750 1.628
510 35.602 1.625
511 35.528 1.623
512 36.047 1.635
513 40.127 1.725
514 43.464 1.795
515 47.840 1.884
516 48.211 1.891
517 52.142 1.967
518 52.736 1.978
519 60.079 2.111
520 55.777 2.034
521 59.114 2.094
522 65.641 2.207
523 68.608 2.256
524 71.872 2.309
525 71.798 2.308
526 79.660 2.431
527 84.258 2.500
528 89.005 2.569
529 87.151 2.542
530 91.379 2.603
531 93.233 2.630
532 99.018 2.710
533 101.169 2.739
534 103.098 2.765
535 99.983 2.723
536 109.551 2.851
537 107.326 2.821
538 108.067 2.831
539 108.883 2.842
540 114.817 2.918
541 113.779 2.905
542 114.891 2.919
543 106.213 2.807
544 112.073 2.883
545 107.400 2.822
546 105.916 2.803
547 101.021 2.737
548 105.916 2.803
549 96.942 2.681
550 94.865 2.653
551 88.560 2.563
552 80.847 2.449
553 81.440 2.458
554 73.726 2.338
555 69.795 2.275
556 63.120 2.164
557 61.933 2.143
558 52.958 1.982
559 54.071 2.003
560 53.403 1.990
561 43.761 1.802
562 42.500 1.775
563 41.536 1.755
564 34.564 1.601
565 31.300 1.524
566 26.850 1.411
567 26.479 1.401
568 24.254 1.341
569 22.696 1.297
570 20.249 1.226
571 19.359 1.198
572 15.798 1.082
573 14.538 1.038
574 14.315 1.030
575 14.389 1.033
576 13.722 1.009
577 11.051 0.905
578 11.274 0.914
579 9.568 0.842
580 10.977 0.902
581 9.494 0.839
582 9.642 0.846
583 10.532 0.884
584 9.642 0.846
585 8.975 0.816
586 9.123 0.823
587 8.604 0.799
588 6.824 0.711
589 10.236 0.871
590 8.010 0.771
591 8.307 0.785
592 8.901 0.813
593 9.123 0.823
594 8.381 0.788
595 8.159 0.778
596 8.381 0.788
597 6.675 0.704
598 8.233 0.781
599 8.307 0.785
600 8.085 0.774
601 8.975 0.816
602 8.530 0.795
603 6.675 0.704
604 9.197 0.826
605 8.752 0.806
606 8.678 0.802
607 7.269 0.734
608 8.826 0.809
609 8.381 0.788
610 8.901 0.813
611 8.381 0.788
612 8.752 0.806
613 7.343 0.738
614 7.862 0.764
615 8.010 0.771
616 8.381 0.788
617 8.826 0.809
618 8.085 0.774
619 8.381 0.788
620 7.046 0.723
621 7.343 0.738
622 7.491 0.745
623 8.010 0.771
624 8.604 0.799
625 7.565 0.749
626 7.046 0.723
627 8.604 0.799
628 8.678 0.802
629 7.343 0.738
630 8.975 0.816
631 7.269 0.734
632 8.010 0.771
633 8.159 0.778
634 8.456 0.792
635 8.381 0.788
636 7.269 0.734
637 8.381 0.788
638 7.269 0.734
639 9.049 0.819
640 7.046 0.723
641 7.565 0.749
642 7.120 0.727
643 7.195 0.731
644 7.046 0.723
645 7.936 0.767
646 8.381 0.788
647 7.862 0.764
648 8.456 0.792
649 6.824 0.711
650 6.601 0.700
651 7.936 0.767
652 8.159 0.778
653 6.750 0.708
654 8.159 0.778
655 7.195 0.731
656 8.159 0.778
657 8.010 0.771
658 6.082 0.672
659 7.195 0.731
660 7.640 0.753
661 6.601 0.700
662 7.565 0.749
663 7.788 0.760
664 7.120 0.727
665 6.898 0.715
666 8.530 0.795
667 7.269 0.734
668 6.972 0.719
669 6.972 0.719
670 8.233 0.781
671 6.824 0.711
672 7.120 0.727
673 6.675 0.704
674 8.604 0.799
675 6.527 0.696
676 7.195 0.731
677 8.233 0.781
678 6.527 0.696
679 7.269 0.734
680 8.010 0.771
681 6.824 0.711
682 7.640 0.753
683 7.417 0.742
684 7.269 0.734
685 7.120 0.727
686 6.379 0.688
687 6.601 0.700
688 7.417 0.742
689 6.453 0.692
690 7.788 0.760
691 7.565 0.749
692 7.565 0.749
693 5.785 0.655
694 7.269 0.734
695 5.340 0.629
696 6.824 0.711
697 6.453 0.692
698 6.750 0.708
699 6.379 0.688
700 6.527 0.696
701 6.750 0.708
702 7.195 0.731
703 6.305 0.684
704 7.195 0.731
705 8.604 0.799
706 7.491 0.745
707 6.156 0.676
708 6.230 0.680
709 7.640 0.753
710 7.936 0.767
711 7.046 0.723
712 6.305 0.684
713 7.269 0.734
714 7.862 0.764
715 7.269 0.734
716 7.417 0.742
717 6.230 0.680
718 7.417 0.742
719 6.453 0.692
720 6.675 0.704
721 6.675 0.704
722 7.046 0.723
723 6.675 0.704
724 7.417 0.742
725 6.453 0.692
726 7.491 0.745
727 6.082 0.672
728 7.120 0.727
729 5.860 0.659
730 6.305 0.684
731 6.824 0.711
732 7.046 0.723
733 7.120 0.727
734 7.120 0.727
735 8.010 0.771
736 6.379 0.688
737 7.120 0.727
738 5.934 0.663
739 6.156 0.676
740 6.675 0.704
741 6.230 0.680
742 6.082 0.672
743 7.417 0.742
744 4.895 0.603
745 6.082 0.672
746 6.675 0.704
747 6.156 0.676
748 6.675 0.704
749 6.898 0.715
750 6.675 0.704
751 6.972 0.719
752 7.046 0.723
753 5.711 0.651
754 7.862 0.764
755 7.640 0.753
756 6.230 0.680
757 7.640 0.753
758 7.343 0.738
759 6.156 0.676
760 6.305 0.684
761 7.565 0.749
762 6.082 0.672
763 6.230 0.680
764 6.379 0.688
765 7.565 0.749
766 6.453 0.692
767 6.082 0.672
768 6.898 0.715
769 6.675 0.704
770 6.601 0.700
771 6.824 0.711
772 6.972 0.719
773 6.675 0.704
774 6.527 0.696
775 5.860 0.659
776 7.343 0.738
777 8.530 0.795
778 7.195 0.731
779 6.305 0.684
780 6.527 0.696
781 6.972 0.719
782 6.972 0.719
783 5.934 0.663
784 7.269 0.734
785 5.711 0.651
786 6.527 0.696
787 6.008 0.668
788 7.491 0.745
789 6.972 0.719
790 6.008 0.668
791 5.637 0.647
792 7.120 0.727
793 6.379 0.688
794 6.601 0.700
795 6.527 0.696
796 6.305 0.684
797 6.453 0.692
798 6.230 0.680
799 6.750 0.708
800 7.640 0.753
801 7.269 0.734
802 6.601 0.700
803 6.156 0.676
804 6.750 0.708
805 6.008 0.668
806 7.417 0.742
807 5.489 0.638
808 6.379 0.688
809 7.640 0.753
810 5.934 0.663
811 6.453 0.692
812 5.860 0.659
813 6.379 0.688
814 7.417 0.742
815 6.230 0.680
816 5.118 0.616
817 6.156 0.676
818 6.082 0.672
819 5.934 0.663
820 6.230 0.680
821 6.675 0.704
822 6.750 0.708
823 5.785 0.655
824 5.860 0.659
825 6.082 0.672
826 6.305 0.684
827 6.379 0.688
828 5.637 0.647
829 4.895 0.603
830 6.601 0.700
831 5.563 0.642
832 5.860 0.659
833 7.046 0.723
834 6.379 0.688
835 6.527 0.696
836 5.637 0.647
837 8.233 0.781
838 4.969 0.607
839 6.824 0.711
840 6.675 0.704
841 5.489 0.638
842 6.156 0.676
843 6.230 0.680
844 6.453 0.692
845 5.414 0.634
846 5.785 0.655
847 6.750 0.708
848 5.266 0.625
849 5.637 0.647
850 6.453 0.692
851 6.156 0.676
852 5.860 0.659
853 6.379 0.688
854 5.934 0.663
855 5.860 0.659
856 6.230 0.680
857 7.120 0.727
858 5.785 0.655
859 6.824 0.711
860 6.527 0.696
861 6.082 0.672
862 5.711 0.651
863 5.489 0.638
864 5.934 0.663
865 6.156 0.676
866 6.305 0.684
867 7.195 0.731
868 7.046 0.723
869 5.489 0.638
870 7.565 0.749
871 5.934 0.663
872 5.637 0.647
873 5.563 0.642
874 6.824 0.711
875 6.082 0.672
876 6.379 0.688
877 7.565 0.749
878 6.156 0.676
879 6.156 0.676
880 6.750 0.708
881 5.711 0.651
882 6.675 0.704
883 6.675 0.704
884 5.489 0.638
885 5.711 0.651
886 6.601 0.700
887 5.340 0.629
888 6.453 0.692
889 5.711 0.651
890 6.379 0.688
891 4.895 0.603
892 5.934 0.663
893 6.972 0.719
894 6.601 0.700
895 5.266 0.625
896 5.414 0.634
897 7.269 0.734
898 5.563 0.642
899 5.785 0.655
900 6.305 0.684
901 6.750 0.708
902 6.601 0.700
903 4.747 0.593
904 7.195 0.731
905 6.156 0.676
906 6.305 0.684
907 5.340 0.629
908 5.860 0.659
909 4.969 0.607
910 6.230 0.680
911 6.156 0.676
912 6.898 0.715
913 6.379 0.688
914 4.821 0.598
915 5.711 0.651
916 6.230 0.680
917 5.414 0.634
918 4.747 0.593
919 5.192 0.621
920 6.305 0.684
921 6.379 0.688
922 5.934 0.663
923 6.008 0.668
924 6.453 0.692
925 5.860 0.659
926 5.934 0.663
927 6.453 0.692
928 6.824 0.711
929 6.008 0.668
930 5.711 0.651
931 6.601 0.700
932 4.895 0.603
933 4.450 0.575
934 6.230 0.680
935 5.860 0.659
936 5.414 0.634
937 4.821 0.598
938 5.637 0.647
939 5.340 0.629
940 5.414 0.634
941 5.118 0.616
942 6.750 0.708
943 6.156 0.676
944 5.266 0.625
945 5.860 0.659
946 5.563 0.642
947 4.895 0.603
948 5.192 0.621
949 5.266 0.625
950 4.821 0.598
951 6.453 0.692
952 5.860 0.659
953 5.934 0.663
954 6.972 0.719
955 5.785 0.655
956 5.118 0.616
957 4.969 0.607
958 5.192 0.621
959 5.118 0.616
960 4.895 0.603
961 4.821 0.598
962 7.417 0.742
963 5.489 0.638
964 6.230 0.680
965 6.972 0.719
966 4.969 0.607
967 5.785 0.655
968 5.711 0.651
969 6.305 0.684
970 5.637 0.647
971 5.785 0.655
972 5.711 0.651
973 6.082 0.672
974 5.489 0.638
975 6.305 0.684
976 5.711 0.651
977 4.747 0.593
978 5.563 0.642
979 5.118 0.616
980 5.785 0.655
981 6.008 0.668
982 4.895 0.603
983 6.750 0.708
984 6.527 0.696
985 5.860 0.659
986 5.637 0.647
987 6.379 0.688
988 6.750 0.708
989 6.082 0.672
990 6.527 0.696
991 5.860 0.659
992 6.601 0.700
993 6.008 0.668
994 6.156 0.676
995 6.156 0.676
996 6.156 0.676
997 6.527 0.696
998 6.824 0.711
999 5.711 0.651
1000 6.750 0.708
1001 6.008 0.668
1002 6.379 0.688
1003 5.860 0.659
1004 6.156 0.676
1005 5.860 0.659
1006 6.898 0.715
1007 6.230 0.680
1008 5.563 0.642
1009 5.489 0.638
1010 6.898 0.715
1011 5.340 0.629
1012 7.195 0.731
1013 6.230 0.680
1014 6.008 0.668
1015 8.010 0.771
1016 7.046 0.723
1017 6.453 0.692
1018 5.860 0.659
1019 6.379 0.688
1020 6.601 0.700
1021 6.675 0.704
1022 6.453 0.692
1023 6.453 0.692
1024 6.527 0.696
1025 7.120 0.727
1026 6.230 0.680
1027 6.824 0.711
1028 6.453 0.692
1029 5.637 0.647
1030 6.972 0.719
1031 7.417 0.742
1032 7.640 0.753
1033 6.453 0.692
1034 6.898 0.715
1035 7.491 0.745
1036 6.601 0.700
1037 6.305 0.684
1038 7.120 0.727
1039 6.379 0.688
1040 8.604 0.799
1041 7.565 0.749
1042 6.824 0.711
1043 7.195 0.731
1044 6.972 0.719
1045 6.082 0.672
1046 5.934 0.663
1047 6.898 0.715
1048 7.565 0.749
1049 7.714 0.756
1050 7.046 0.723
1051 5.934 0.663
1052 6.675 0.704
1053 5.711 0.651
1054 7.269 0.734
1055 5.637 0.647
1056 6.824 0.711
1057 6.008 0.668
1058 7.788 0.760
1059 7.565 0.749
1060 7.269 0.734
1061 7.788 0.760
1062 8.010 0.771
1063 6.898 0.715
1064 5.711 0.651
1065 7.565 0.749
1066 8.159 0.778
1067 6.750 0.708
1068 7.269 0.734
1069 7.417 0.742
1070 7.491 0.745
1071 6.750 0.708
1072 6.230 0.680
1073 7.120 0.727
1074 7.714 0.756
1075 7.565 0.749
1076 7.565 0.749
1077 6.750 0.708
1078 5.414 0.634
1079 7.195 0.731
1080 7.120 0.727
1081 6.305 0.684
1082 6.898 0.715
1083 7.120 0.727
1084 7.491 0.745
1085 5.637 0.647
1086 6.824 0.711
1087 6.601 0.700
1088 5.860 0.659
1089 5.934 0.663
1090 7.046 0.723
1091 5.860 0.659
1092 6.082 0.672
1093 5.637 0.647
1094 7.195 0.731
1095 7.714 0.756
1096 6.008 0.668
1097 6.972 0.719
1098 7.862 0.764
1099 5.489 0.638
1100 6.750 0.708
1101 6.527 0.696
1102 6.379 0.688
1103 7.120 0.727
1104 6.750 0.708
1105 6.675 0.704
1106 5.192 0.621
1107 5.266 0.625
1108 7.565 0.749
1109 6.601 0.700
1110 6.527 0.696
1111 5.563 0.642
1112 5.711 0.651
1113 5.785 0.655
1114 7.120 0.727
1115 6.230 0.680
1116 5.192 0.621
1117 4.969 0.607
1118 5.192 0.621
1119 6.379 0.688
1120 4.302 0.565
1121 5.489 0.638
1122 5.414 0.634
1123 5.340 0.629
1124 5.192 0.621
1125 6.082 0.672
1126 5.340 0.629
1127 4.450 0.575
1128 5.414 0.634
1129 4.969 0.607
1130 4.673 0.589
1131 4.450 0.575
1132 4.821 0.598
1133 4.376 0.570
1134 3.709 0.524
1135 4.302 0.565
1136 3.560 0.514
1137 4.228 0.560
1138 4.079 0.550
1139 3.783 0.530
1140 3.189 0.486
1141 3.634 0.519
1142 3.634 0.519
1143 3.634 0.519
1144 2.744 0.451
1145 3.189 0.486
1146 3.041 0.475
1147 3.189 0.486
1148 3.189 0.486
1149 3.412 0.503
1150 1.854 0.371
1151 2.596 0.439
1152 2.819 0.457
1153 2.522 0.432
1154 2.003 0.385
1155 2.596 0.439
1156 2.670 0.445
1157 1.780 0.363
1158 2.448 0.426
1159 1.928 0.378
1160 1.483 0.332
1161 2.373 0.420
1162 1.483 0.332
1163 2.151 0.399
1164 2.225 0.406
1165 1.854 0.371
1166 1.706 0.356
1167 2.003 0.385
1168 1.706 0.356
1169 2.596 0.439
1170 1.558 0.340
1171 1.632 0.348
1172 1.483 0.332
1173 1.187 0.297
1174 1.780 0.363
1175 1.261 0.306
1176 1.261 0.306
1177 1.706 0.356
1178 1.483 0.332
1179 1.706 0.356
1180 1.632 0.348
1181 0.890 0.257
1182 1.706 0.356
1183 1.335 0.315
1184 1.558 0.340
1185 1.409 0.323
1186 1.409 0.323
1187 1.409 0.323
1188 0.890 0.257
1189 1.113 0.287
1190 1.854 0.371
1191 1.335 0.315
1192 1.113 0.287
1193 1.335 0.315
1194 0.890 0.257
1195 1.038 0.278
1196 1.409 0.323
1197 1.113 0.287
1198 0.816 0.246
1199 0.964 0.267
1200 1.483 0.332
1201 1.780 0.363
1202 0.964 0.267
1203 1.038 0.278
1204 0.593 0.210
1205 1.038 0.278
1206 0.742 0.235
1207 0.742 0.235
1208 0.742 0.235
1209 0.593 0.210
1210 1.335 0.315
1211 0.890 0.257
1212 1.113 0.287
1213 0.964 0.267
1214 0.964 0.267
1215 1.187 0.297
1216 0.890 0.257
1217 1.706 0.356
1218 0.371 0.166
1219 1.113 0.287
1220 0.668 0.223
1221 0.742 0.235
1222 0.593 0.210
1223 0.964 0.267
1224 0.742 0.235
1225 1.113 0.287
1226 1.187 0.297
1227 0.445 0.182
1228 0.593 0.210
1229 1.261 0.306
1230 0.593 0.210
1231 0.964 0.267
1232 1.187 0.297
1233 1.113 0.287
1234 1.113 0.287
1235 0.593 0.210
1236 0.890 0.257
1237 0.816 0.246
1238 0.519 0.196
1239 0.742 0.235
1240 0.742 0.235
1241 0.816 0.246
1242 1.187 0.297
1243 0.816 0.246
1244 0.742 0.235
1245 0.964 0.267
1246 0.816 0.246
1247 1.632 0.348
1248 0.519 0.196
1249 0.742 0.235
1250 1.261 0.306
1251 0.668 0.223
1252 1.409 0.323
1253 0.742 0.235
1254 1.261 0.306
1255 1.483 0.332
1256 0.668 0.223
1257 0.816 0.246
1258 1.261 0.306
1259 1.038 0.278
1260 0.668 0.223
1261 1.113 0.287
1262 1.038 0.278
1263 1.261 0.306
1264 1.261 0.306
1265 1.113 0.287
1266 1.335 0.315
1267 1.113 0.287
1268 1.483 0.332
1269 1.038 0.278
1270 1.038 0.278
1271 1.187 0.297
1272 1.409 0.323
1273 0.816 0.246
1274 1.038 0.278
1275 0.964 0.267
1276 1.113 0.287
1277 0.890 0.257
1278 0.816 0.246
1279 0.964 0.267
1280 1.335 0.315
1281 1.706 0.356
1282 1.483 0.332
1283 1.261 0.306
1284 2.225 0.406
1285 1.335 0.315
1286 1.113 0.287
1287 1.335 0.315
1288 1.409 0.323
1289 1.187 0.297
1290 1.558 0.340
1291 1.187 0.297
1292 1.038 0.278
1293 1.483 0.332
1294 2.077 0.392
1295 1.261 0.306
1296 1.558 0.340
1297 1.558 0.340
1298 2.151 0.399
1299 1.558 0.340
1300 1.558 0.340
1301 1.335 0.315
1302 2.299 0.413
1303 1.335 0.315
1304 2.003 0.385
1305 2.077 0.392
1306 2.225 0.406
1307 2.077 0.392
1308 2.151 0.399
1309 2.003 0.385
1310 2.522 0.432
1311 1.409 0.323
1312 2.522 0.432
1313 2.299 0.413
1314 2.299 0.413
1315 1.854 0.371
1316 2.003 0.385
1317 2.967 0.469
1318 2.596 0.439
1319 1.928 0.378
1320 3.264 0.492
1321 3.115 0.481
1322 3.041 0.475
1323 3.115 0.481
1324 2.522 0.432
1325 3.560 0.514
1326 3.264 0.492
1327 2.373 0.420
1328 3.560 0.514
1329 3.041 0.475
1330 3.041 0.475
1331 3.634 0.519
1332 3.857 0.535
1333 3.783 0.530
1334 4.524 0.579
1335 3.115 0.481
1336 4.821 0.598
1337 3.412 0.503
1338 3.857 0.535
1339 3.857 0.535
1340 3.709 0.524
1341 3.634 0.519
1342 4.599 0.584
1343 4.005 0.545
1344 4.005 0.545
1345 3.486 0.508
1346 3.783 0.530
1347 3.709 0.524
1348 3.634 0.519
1349 3.931 0.540
1350 5.192 0.621
1351 4.376 0.570
1352 4.376 0.570
1353 3.709 0.524
1354 3.783 0.530
1355 3.857 0.535
1356 3.931 0.540
1357 4.450 0.575
1358 4.450 0.575
1359 3.857 0.535
1360 3.709 0.524
1361 4.079 0.550
1362 4.524 0.579
1363 4.599 0.584
1364 3.634 0.519
1365 4.154 0.555
1366 3.783 0.530
1367 4.599 0.584
1368 3.560 0.514
1369 3.560 0.514
1370 3.264 0.492
1371 3.412 0.503
1372 3.189 0.486
1373 2.373 0.420
1374 3.264 0.492
1375 2.670 0.445
1376 3.412 0.503
1377 2.522 0.432
1378 3.189 0.486
1379 2.744 0.451
1380 2.077 0.392
1381 2.003 0.385
1382 2.003 0.385
1383 1.483 0.332
1384 2.299 0.413
1385 1.335 0.315
1386 2.151 0.399
1387 1.780 0.363
1388 1.854 0.371
1389 1.928 0.378
1390 1.632 0.348
1391 1.261 0.306
1392 1.113 0.287
1393 1.261 0.306
1394 1.706 0.356
1395 1.558 0.340
1396 1.558 0.340
1397 1.261 0.306
1398 0.668 0.223
1399 1.261 0.306
1400 1.261 0.306
1401 1.483 0.332
1402 1.038 0.278
1403 0.593 0.210
1404 0.964 0.267
1405 0.890 0.257
1406 1.038 0.278
1407 0.519 0.196
1408 1.187 0.297
1409 0.890 0.257
1410 0.519 0.196
1411 0.593 0.210
1412 0.668 0.223
1413 0.742 0.235
1414 0.890 0.257
1415 1.113 0.287
1416 0.519 0.196
1417 0.445 0.182
1418 0.816 0.246
1419 0.297 0.148
1420 0.297 0.148
1421 0.223 0.128
1422 0.297 0.148
1423 0.519 0.196
1424 0.593 0.210
1425 0.519 0.196
1426 0.371 0.166
1427 0.593 0.210
1428 0.297 0.148
1429 0.223 0.128
1430 0.223 0.128
1431 0.371 0.166
1432 0.223 0.128
1433 0.223 0.128
1434 0.297 0.148
1435 0.297 0.148
1436 0.519 0.196
1437 0.148 0.105
1438 0.223 0.128
1439 0.445 0.182
1440 0.223 0.128
1441 0.297 0.148
1442 0.148 0.105
1443 0.148 0.105
1444 0.223 0.128
1445 0.445 0.182
1446 0.223 0.128
1447 0.223 0.128
1448 0.297 0.148
1450 0.074 0.074
1451 0.148 0.105
1452 0.148 0.105
1453 0.297 0.148
1454 0.148 0.105
1455 0.148 0.105
1456 0.223 0.128
1457 0.445 0.182
1458 0.148 0.105
1459 0.074 0.074
1460 0.148 0.105
1461 0.148 0.105
1462 0.223 0.128
1463 0.223 0.128
1464 0.148 0.105
1465 0.297 0.148
1466 0.148 0.105
1467 0.223 0.128
1468 0.074 0.074
1469 0.297 0.148
1470 0.297 0.148
1471 0.074 0.074
1472 0.074 0.074
1473 0.148 0.105
1474 0.445 0.182
1475 0.074 0.074
1476 0.074 0.074
1477 0.223 0.128
1478 0.074 0.074
1479 0.223 0.128
1480 0.148 0.105
1482 0.074 0.074
1483 0.074 0.074
1484 0.148 0.105
1485 0.223 0.128
1486 0.371 0.166
1487 0.148 0.105
1488 0.297 0.148
1489 0.148 0.105
1490 0.148 0.105
1491 0.223 0.128
1492 0.223 0.128
1493 0.074 0.074
1494 0.074 0.074
1495 0.223 0.128
1496 0.297 0.148
1497 0.223 0.128
1498 0.297 0.148
1500 0.297 0.148
1501 0.519 0.196
1502 0.223 0.128
1503 0.223 0.128
1504 0.223 0.128
1505 0.297 0.148
1506 0.297 0.148
1507 0.445 0.182
1508 0.223 0.128
1509 0.445 0.182
1510 0.074 0.074
1511 0.148 0.105
1512 0.223 0.128
1513 0.297 0.148
1514 0.371 0.166
1515 0.371 0.166
1516 0.223 0.128
1517 0.297 0.148
1518 0.371 0.166
1519 0.074 0.074
1520 0.148 0.105
1521 0.074 0.074
1522 0.223 0.128
1523 0.148 0.105
1524 0.148 0.105
1525 0.223 0.128
1526 0.223 0.128
1527 0.074 0.074
1528 0.297 0.148
1529 0.223 0.128
1530 0.445 0.182
1531 0.297 0.148
1532 0.445 0.182
1533 0.297 0.148
1534 0.223 0.128
1535 0.445 0.182
1536 0.223 0.128
1537 0.148 0.105
1538 0.074 0.074
1539 0.223 0.128
1540 0.445 0.182
1541 0.074 0.074
1542 0.223 0.128
1543 0.148 0.105
1544 0.223 0.128
1545 0.148 0.105
1546 0.371 0.166
1547 0.371 0.166
1548 0.223 0.128
1549 0.297 0.148
1550 0.148 0.105
1551 0.445 0.182
1552 0.371 0.166
1553 0.148 0.105
1554 0.223 0.128
1555 0.223 0.128
1556 0.371 0.166
1557 0.223 0.128
1558 0.519 0.196
1559 0.074 0.074
1560 0.148 0.105
1561 0.593 0.210
1562 0.445 0.182
1563 0.223 0.128
1564 0.074 0.074
1565 0.148 0.105
1566 0.148 0.105
1567 0.148 0.105
1568 0.223 0.128
1569 0.074 0.074
1570 0.074 0.074
1571 0.371 0.166
1572 0.074 0.074
1573 0.297 0.148
1574 0.148 0.105
1575 0.297 0.148
1577 0.074 0.074
1578 0.223 0.128
1579 0.371 0.166
1580 0.148 0.105
1581 0.519 0.196
1582 0.297 0.148
1583 0.074 0.074
1584 0.223 0.128
1585 0.223 0.128
1586 0.074 0.074
1587 0.297 0.148
1588 0.223 0.128
1589 0.371 0.166
1590 0.148 0.105
1591 0.297 0.148
1592 0.297 0.148
1593 0.148 0.105
1594 0.148 0.105
1595 0.445 0.182
1596 0.445 0.182
1597 0.297 0.148
1598 0.148 0.105
1599 0.074 0.074
1600 0.297 0.148
1601 0.223 0.128
1602 0.148 0.105
1603 0.148 0.105
1605 0.148 0.105
1606 0.223 0.128
1607 0.148 0.105
1608 0.148 0.105
1609 0.148 0.105
1611 0.445 0.182
1612 0.223 0.128
1613 0.445 0.182
1614 0.148 0.105
1615 0.223 0.128
1616 0.148 0.105
1617 0.445 0.182
1619 0.223 0.128
1621 0.148 0.105
1622 0.074 0.074
1623 0.297 0.148
1624 0.148 0.105
1625 0.074 0.074
1626 0.445 0.182
1627 0.148 0.105
1628 0.074 0.074
1629 0.074 0.074
1630 0.371 0.166
1631 0.074 0.074
1632 0.074 0.074
1633 0.223 0.128
1634 0.148 0.105
1635 0.297 0.148
1636 0.223 0.128
1637 0.074 0.074
1638 0.148 0.105
1639 0.223 0.128
1641 0.148 0.105
1642 0.223 0.128
1643 0.148 0.105
1644 0.074 0.074
1645 0.223 0.128
1646 0.148 0.105
1647 0.297 0.148
1648 0.297 0.148
1649 0.074 0.074
1650 0.223 0.128
1651 0.223 0.128
1652 0.223 0.128
1653 0.074 0.074
1654 0.074 0.074
1655 0.074 0.074
1656 0.074 0.074
1657 0.223 0.128
1658 0.074 0.074
1660 0.074 0.074
1661 0.223 0.128
1662 0.223 0.128
1663 0.148 0.105
1664 0.148 0.105
1665 0.223 0.128
1666 0.148 0.105
1667 0.371 0.166
1668 0.074 0.074
1670 0.223 0.128
1671 0.223 0.128
1672 0.148 0.105
1673 0.371 0.166
1674 0.297 0.148
1675 0.148 0.105
1676 0.223 0.128
1677 0.148 0.105
1678 0.074 0.074
1679 0.074 0.074
1680 0.148 0.105
1681 0.148 0.105
1682 0.223 0.128
1683 0.148 0.105
1684 0.297 0.148
1685 0.074 0.074
1686 0.297 0.148
1687 0.223 0.128
1688 0.074 0.074
1689 0.074 0.074
1690 0.223 0.128
1691 0.223 0.128
1692 0.148 0.105
1693 0.074 0.074
1694 0.371 0.166
1695 0.148 0.105
1696 0.074 0.074
1697 0.148 0.105
1699 0.148 0.105
1700 0.074 0.074
1701 0.223 0.128
1702 0.148 0.105
1703 0.297 0.148
1704 0.074 0.074
1705 0.074 0.074
1706 0.223 0.128
1707 0.223 0.128
1708 0.074 0.074
1709 0.445 0.182
1712 0.074 0.074
1714 0.297 0.148
1715 0.148 0.105
1716 0.297 0.148
1717 0.074 0.074
1718 0.074 0.074
1719 0.223 0.128
1720 0.223 0.128
1721 0.148 0.105
1722 0.148 0.105
1723 0.148 0.105
1724 0.148 0.105
1725 0.148 0.105
1726 0.223 0.128
1727 0.148 0.105
1729 0.223 0.128
1731 0.148 0.105
1732 0.148 0.105
1733 0.148 0.105
1735 0.074 0.074
1737 0.074 0.074
1738 0.148 0.105
1739 0.074 0.074
1740 0.148 0.105
1741 0.148 0.105
1742 0.074 0.074
1743 0.074 0.074
1744 0.074 0.074
1745 0.297 0.148
1746 0.223 0.128
1747 0.148 0.105
1748 0.223 0.128
1749 0.223 0.128
1750 0.074 0.074
1751 0.297 0.148
1752 0.148 0.105
1753 0.148 0.105
1754 0.074 0.074
1755 0.223 0.128
1757 0.074 0.074
1758 0.297 0.148
1759 0.074 0.074
1761 0.074 0.074
1762 0.297 0.148
1764 0.148 0.105
1768 0.223 0.128
1769 0.074 0.074
1770 0.074 0.074
1772 0.297 0.148
1774 0.148 0.105
1776 0.445 0.182
1777 0.074 0.074
1778 0.148 0.105
1779 0.074 0.074
1780 0.297 0.148
1781 0.074 0.074
1782 0.148 0.105
1783 0.223 0.128
1784 0.223 0.128
1785 0.074 0.074
1786 0.074 0.074
1787 0.148 0.105
1788 0.148 0.105
1789 0.074 0.074
1790 0.074 0.074
1791 0.074 0.074
1792 0.074 0.074
1793 0.148 0.105
1794 0.148 0.105
1795 0.148 0.105
1796 0.223 0.128
1798 0.148 0.105
1799 0.223 0.128
1800 0.148 0.105
1803 0.148 0.105
1804 0.148 0.105
1805 0.223 0.128
1807 0.074 0.074
1808 0.074 0.074
1810 0.223 0.128
1811 0.148 0.105
1812 0.074 0.074
1813 0.074 0.074
1814 0.074 0.074
1815 0.074 0.074
1816 0.297 0.148
1817 0.223 0.128
1818 0.148 0.105
1819 0.148 0.105
1820 0.074 0.074
1821 0.074 0.074
1823 0.148 0.105
1824 0.148 0.105
1825 0.223 0.128
1826 0.371 0.166
1827 0.148 0.105
1828 0.074 0.074
1829 0.297 0.148
1830 0.074 0.074
1831 0.074 0.074
1833 0.297 0.148
1834 0.074 0.074
1835 0.148 0.105
1838 0.148 0.105
1839 0.223 0.128
1840 0.297 0.148
1841 0.223 0.128
1842 0.223 0.128
1843 0.074 0.074
1844 0.074 0.074
1845 0.074 0.074
1846 0.074 0.074
1847 0.074 0.074
1848 0.297 0.148
1850 0.074 0.074
1851 0.074 0.074
1853 0.074 0.074
1854 0.148 0.105
1855 0.223 0.128
1856 0.148 0.105
1858 0.074 0.074
1859 0.148 0.105
1860 0.371 0.166
1861 0.297 0.148
1862 0.074 0.074
1863 0.148 0.105
1865 0.074 0.074
1866 0.148 0.105
1867 0.148 0.105
1869 0.074 0.074
1870 0.148 0.105
1871 0.074 0.074
1872 0.074 0.074
1873 0.074 0.074
1874 0.074 0.074
1875 0.223 0.128
1876 0.148 0.105
1878 0.223 0.128
1879 0.074 0.074
1880 0.074 0.074
1881 0.074 0.074
1883 0.074 0.074
1884 0.148 0.105
1885 0.223 0.128
1886 0.074 0.074
1887 0.074 0.074
1888 0.074 0.074
1890 0.148 0.105
1891 0.074 0.074
1893 0.074 0.074
1895 0.148 0.105
1896 0.148 0.105
1897 0.074 0.074
1898 0.074 0.074
1899 0.297 0.148
1901 0.148 0.105
1902 0.148 0.105
1903 0.074 0.074
1904 0.148 0.105
1905 0.223 0.128
1908 0.074 0.074
1911 0.148 0.105
1912 0.223 0.128
1913 0.074 0.074
1914 0.074 0.074
1916 0.074 0.074
1917 0.148 0.105
1918 0.297 0.148
1919 0.074 0.074
1920 0.074 0.074
1921 0.297 0.148
1922 0.148 0.105
1923 0.074 0.074
1924 0.148 0.105
1925 0.148 0.105
1926 0.223 0.128
1927 0.223 0.128
1929 0.148 0.105
1930 0.223 0.128
1931 0.223 0.128
1932 0.074 0.074
1933 0.074 0.074
1934 0.148 0.105
1935 0.148 0.105
1936 0.148 0.105
1937 0.148 0.105
1938 0.148 0.105
1939 0.148 0.105
1940 0.074 0.074
1941 0.297 0.148
1942 0.148 0.105
1943 0.074 0.074
1944 0.223 0.128
1945 0.074 0.074
1946 0.074 0.074
1947 0.074 0.074
1948 0.074 0.074
1949 0.223 0.128
1950 0.297 0.148
1951 0.297 0.148
1952 0.074 0.074
1954 0.148 0.105
1955 0.148 0.105
1956 0.074 0.074
1957 0.223 0.128
1958 0.074 0.074
1960 0.148 0.105
1961 0.148 0.105
1962 0.148 0.105
1963 0.074 0.074
1964 0.148 0.105
1965 0.074 0.074
1966 0.148 0.105
1967 0.148 0.105
1968 0.148 0.105
1969 0.074 0.074
1970 0.223 0.128
1971 0.074 0.074
1972 0.074 0.074
1973 0.074 0.074
1974 0.223 0.128
1975 0.148 0.105
1976 0.148 0.105
1977 0.223 0.128
1978 0.148 0.105
1979 0.148 0.105
1980 0.074 0.074
1981 0.074 0.074
1983 0.148 0.105
1984 0.148 0.105
1988 0.148 0.105
1989 0.074 0.074
1990 0.223 0.128
1992 0.074 0.074
1993 0.074 0.074
1994 0.223 0.128
1995 0.074 0.074
1996 0.148 0.105
1997 0.223 0.128
1998 0.074 0.074
